data/positive/1.jpg 7 896 637 1481 2055 1318 596 1259 1647 1599 543 1097 1410 1856 508 946 1236 2168 455 738 1043 2331 461 659 884 2443 436 619 791
data/positive/1110418-3.jpg 6 730 243 267 358 651 228 291 401 561 223 291 446 427 205 330 511 282 182 338 596 78 157 378 638
data/positive/2.jpg 3 168 309 329 399 498 352 325 570 920 374 410 734
data/positive/20250608_163205.jpg 3 1071 1945 294 300 1191 1925 267 275 1571 1845 215 209
data/positive/20250608_163211.jpg 3 379 1567 1320 1291 883 1466 1212 1188 2491 1075 509 929
data/positive/3.jpg 5 159 366 264 308 142 367 278 374 177 365 326 416 245 362 347 472 488 351 432 699
data/positive/486507680_1217873143459280_5940722339639566191_n.jpg 5 155 422 471 729 433 516 458 603 625 429 512 663 852 434 348 641 1048 455 152 581
data/positive/486553018_1217873476792580_1977091900076513775_n.jpg 1 492 493 285 636
data/positive/486600220_1217873483459246_3892784789873505060_n.jpg 1 183 228 807 792
data/positive/486669988_1218081920105069_1510869918476446014_n.jpg 6 592 222 235 287 650 220 230 245 695 215 206 221 692 213 204 180 749 214 146 157 773 218 133 137
data/positive/486829044_1218166503429944_5890290364604881428_n.jpg 2 190 327 222 546 410 334 297 602
data/positive/487145536_1218896066690321_5249983132057953777_n.jpg 1 117 501 375 519
data/positive/487314277_1217798023466792_6214755092438821192_n.jpg 1 264 383 527 527
data/positive/487352862_1218900213356573_4636264628465541932_n.jpg 2 182 579 219 486 372 577 309 522
data/positive/487379136_1217780383468556_7405520578286340485_n.jpg 3 62 0 653 850 466 0 512 638 608 0 430 618
data/positive/487455557_1218897790023482_4514549300203800205_n.jpg 1 391 526 393 392
data/positive/487511404_1218898940023367_6366636969059477147_n.jpg 1 166 665 308 300
data/positive/492040936_1239132891333305_5006199966251580072_n.jpg 1 251 186 494 879
data/positive/8b38a8a9-82e7-4b03-8875-7c47bc40fa6c.jpg 1 554 278 2276 3699
data/positive/compassion_img.jpg 6 30 91 346 379 142 66 255 342 269 27 162 206 288 23 149 178 327 12 118 154 383 0 72 90
data/positive/compassion_img1.jpg 3 297 130 120 181 127 122 80 105 96 123 75 87
data/positive/images.jpg 6 116 26 129 153 88 29 121 145 76 33 104 124 63 38 91 106 49 40 95 97 40 41 88 83
data/positive/IMG_6793.jpg 6 196 563 2090 2286 886 609 1864 1962 1292 553 1697 1868 1686 604 1328 1667 2000 662 1011 1384 2160 695 855 1222
data/positive/scooters.27572d62.jpg 4 2005 350 2746 2817 1069 170 2289 2997 628 83 1206 3085 94 96 1594 3072
